# MeteoStick Version 2.3b1 (Jul  8 2015 20:40:35), Free RAM 723, SN: EEE372B3CFA44500
# License Information:
#   MeteoStick (c) 2014-2015 by smartbedded.com
?
# Meteostick Version 2.3b1
t1
# listening to transmitter 1

f1
# filter on

o0
# output raw (8 bytes)

m1

B 27640 341495 277 100309 0 0
I 100 80 0 81 28 5B 0 82 8E  -73 2560750 -85
I 101 E0 0 81 88 3 0 E7 1C  -72 2562440 83
I 102 50 0 81 FF 73 0 49 71  -72 2562448 249
I 103 40 0 81 FF C3 0 4D F8  -77 2562436 1
I 104 80 0 81 28 5B 0 82 8E  -74 2562444 169
I 100 E0 0 81 88 3 0 E7 1C  -74 2562428 -82
I 101 50 0 81 FF 73 0 49 71  -74 2562460 80
I 102 90 0 81 0 3 8 B1 73  -74 2562436 247
I 103 80 0 81 28 5B 0 82 8E  -78 2562440 1
I 104 E0 0 81 88 3 0 E7 1C  -74 2562444 166
I 100 50 0 81 FF 73 0 49 71  -74 2562444 -85
I 101 A0 0 81 CF 2B 0 9A 7E  -74 2562440 82
I 102 80 0 81 28 4B 0 81 FD  -73 2562444 249
I 103 E0 0 81 88 3 0 E7 1C  -76 2562428 1
I 104 50 0 81 FF 73 0 49 71  -74 2562460 169
I 100 A0 0 81 CF 2B 0 9A 7E  -73 2562432 -83
I 101 80 0 81 28 5B 0 82 8E  -73 2562444 81
I 102 E0 0 81 88 3 0 E7 1C  -73 2562440 249
I 103 50 0 81 FF 73 0 49 71  -76 2562444 0
I 104 60 0 81 FF C3 0 78 F0  -74 2562436 165
I 100 80 0 81 28 5B 0 82 8E  -74 2562444 -83
B 27640 341499 277 100311 21 0
I 102 50 0 81 FF 73 0 49 71  -73 5106456 250
I 103 40 0 81 FF C3 0 4D F8  -74 2562436 6
I 104 80 0 81 28 5B 0 82 8E  -74 2562444 168
I 100 E0 0 81 88 3 0 E7 1C  -73 2562448 -85
I 101 50 0 81 FF 73 0 49 71  -73 2562440 86
I 102 90 0 81 0 3 8 B1 73  -75 2562436 249
I 103 80 0 81 28 5B 0 82 8E  -74 2562440 4
I 104 E0 0 81 88 3 0 E7 1C  -70 2562440 170
I 100 50 0 81 FF 73 0 49 71  -71 2562440 -82
I 101 A0 0 81 D0 2B 0 F5 2C  -74 2562448 81
I 102 80 0 81 28 5B 0 82 8E  -73 2562440 249
I 103 E0 0 81 88 3 0 E7 1C  -75 2562440 3
I 104 50 0 81 FF 73 0 49 71  -73 2562448 167
I 100 A0 0 81 D0 2B 0 F5 2C  -71 2562444 -85
I 101 80 0 81 28 4B 0 81 FD  -71 2562440 85
I 102 E0 0 81 88 3 0 E7 1C  -70 2562440 249
I 103 50 0 81 FF 73 0 49 71  -74 2562444 4
I 104 60 0 81 FF C3 0 78 F0  -74 2562444 168
I 100 80 0 81 28 4B 0 81 FD  -73 2562428 -81
I 101 E0 0 81 88 3 0 E7 1C  -72 2562444 85
I 102 50 0 81 FF 73 0 49 71  -74 2562448 248
I 103 40 0 81 FF C3 0 4D F8  -77 2562436 6
I 104 80 0 81 28 4B 0 81 FD  -74 2562448 167
B 27637 341512 277 100312 23 0
I 100 E0 0 81 88 3 0 E7 1C  -74 2541960 -85
I 101 50 0 81 FF 73 0 49 71  -73 2562444 85
I 102 90 0 81 0 3 8 B1 73  -72 2562440 250
I 103 80 0 81 28 4B 0 81 FD  -77 2562444 2
I 104 E0 0 81 88 3 0 E7 1C  -75 2562436 169
I 100 50 0 81 FF 73 0 49 71  -73 2562448 -85
I 101 A0 0 81 CF 2B 0 9A 7E  -72 2562436 84
I 102 80 0 81 28 4B 0 81 FD  -72 2562440 247
I 103 E0 0 81 88 3 0 E7 1C  -76 2562444 -1
I 104 50 0 81 FF 73 0 49 71  -73 2562440 162
I 100 A0 0 81 CF 2B 0 9A 7E  -74 2562436 -85
I 101 80 0 81 28 5B 0 82 8E  -73 2562448 84
I 102 E0 0 81 88 3 0 E7 1C  -73 2562448 249
I 103 50 0 81 FF 73 0 49 71  -77 2562440 2
I 104 60 0 81 FF C3 0 78 F0  -77 2562436 165
I 102 50 0 81 FF 73 0 49 71  -73 7687332 249
I 103 40 0 81 FF C3 0 4D F8  -76 2562444 4
I 104 80 0 81 28 5B 0 82 8E  -74 2562432 168
I 100 E0 0 81 88 3 0 E7 1C  -73 2562444 -81
I 101 50 0 81 FF 73 0 49 71  -74 2562440 85
I 102 90 0 81 0 3 8 B1 73  -74 2562444 250
B 27635 341532 277 100315 21 2
I 103 80 0 81 28 5B 0 82 8E  -77 2541960 3
I 104 E0 0 81 88 3 0 E7 1C  -74 2562440 166
I 100 50 0 81 FF 73 0 49 71  -74 2562452 -85
I 101 A0 0 81 D0 2B 0 F5 2C  -74 2562432 86
I 102 80 0 81 28 5B 0 82 8E  -74 2562444 250
I 103 E0 0 81 88 3 0 E7 1C  -78 2562444 3
I 104 50 0 81 FF 73 0 49 71  -75 2562436 168
I 100 A0 0 81 D0 2B 0 F5 2C  -74 2562444 -84
I 101 80 0 81 28 5B 0 82 8E  -73 2562436 80
I 102 E0 0 81 88 3 0 E7 1C  -73 2562448 249
I 103 50 0 81 FF 73 0 49 71  -76 2562436 2
I 104 60 0 81 FF C3 0 78 F0  -73 2562444 167
I 100 80 0 81 28 5B 0 82 8E  -73 2562444 -83
I 101 E0 0 81 88 3 0 E7 1C  -73 2562432 82
I 102 50 0 81 FF 73 0 49 71  -72 2562452 250
I 103 40 0 81 FF C3 0 4D F8  -75 2562444 -1
I 104 80 0 81 28 5B 0 82 8E  -74 2562440 168
I 100 E0 0 81 88 3 0 E7 1C  -73 2562436 -84
I 101 50 0 81 FF 73 0 49 71  -73 2562452 87
I 102 90 0 81 0 3 8 B1 73  -72 2562440 247
I 103 80 0 81 28 5B 0 82 8E  -77 2562448 2
I 104 E0 0 81 88 3 0 E7 1C  -74 2562428 166
I 100 50 0 81 FF 73 0 49 71  -73 2562448 -83
I 101 A0 0 81 D0 2B 0 F5 2C  -74 2562436 84
B 27636 341514 277 100312 24 0
I 102 80 0 81 28 4B 0 81 FD  -73 2540936 250
I 103 E0 0 81 88 3 0 E7 1C  -77 2562448 4
I 104 50 0 81 FF 73 0 49 71  -75 2562436 166
I 100 A0 0 81 D0 2B 0 F5 2C  -73 2562444 -84
I 101 80 0 81 28 5B 0 82 8E  -73 2562448 83
I 102 E0 0 81 88 3 0 E7 1C  -72 2562440 250
I 103 50 0 81 FF 73 0 49 71  -76 2562444 4
I 104 60 0 81 FF C3 0 78 F0  -74 2562436 168
I 100 80 0 81 28 5B 0 82 8E  -73 2562436 -81
I 101 E0 0 81 88 3 0 E7 1C  -73 2562456 84
I 102 50 0 81 FF 73 0 49 71  -72 2562436 249
I 103 40 0 81 FF C3 0 4D F8  -76 2562436 3
I 104 80 0 81 28 5B 0 82 8E  -74 2562444 163
I 100 E0 0 81 88 3 0 E7 1C  -73 2562428 -83
I 101 50 0 81 FF 73 0 49 71  -73 2562460 83
I 102 90 0 81 0 3 8 B1 73  -73 2562440 249
I 103 80 0 81 28 5B 0 82 8E  -77 2562440 1
I 104 E0 0 81 88 3 0 E7 1C  -74 2562440 167
I 100 50 0 81 FF 73 0 49 71  -73 2562440 -88
I 101 A0 0 81 CF 2B 0 9A 7E  -74 2562432 82
I 102 80 0 81 28 5B 0 82 8E  -74 2562448 252
I 103 E0 0 81 88 3 0 E7 1C  -78 2562440 -3
I 104 50 0 81 FF 73 0 49 71  -74 2562448 169
B 27639 341529 277 100322 23 0
I 100 A0 0 81 CF 2B 0 9A 7E  -74 2542980 -86
I 101 80 0 81 28 5B 0 82 8E  -74 2562444 84
I 102 E0 0 81 88 3 0 E7 1C  -73 2562444 248
I 103 50 0 81 FF 73 0 49 71  -78 2562448 2
I 104 60 0 81 FF C3 0 78 F0  -74 2562424 167
I 100 80 0 81 28 5B 0 82 8E  -74 2562448 -81
I 101 E0 0 81 88 3 0 E7 1C  -75 2562440 82
I 102 50 0 81 FF 73 0 49 71  -73 2562448 251
I 103 40 0 81 FF C3 0 4D F8  -77 2562444 3
I 104 80 0 81 28 5B 0 82 8E  -74 2562440 167
I 100 E0 0 81 88 3 0 E7 1C  -73 2562448 -87
I 101 50 0 81 FF 73 0 49 71  -72 2562436 86
I 102 90 0 81 0 3 8 B1 73  -72 2562448 251
I 103 80 0 81 28 4B 0 81 FD  -76 2562440 0
I 104 E0 0 81 88 3 0 E7 1C  -73 2562432 164
I 100 50 0 81 FF 73 0 49 71  -71 2562456 -84
I 101 A0 0 81 CF 2B 0 9A 7E  -72 2562436 84
I 102 80 0 81 28 4B 0 81 FD  -72 2562436 250
I 103 E0 0 81 88 3 0 E7 1C  -75 2562448 0
I 104 50 0 81 FF 73 0 49 71  -73 2562436 168
I 100 A0 0 81 CF 2B 0 9A 7E  -72 2562444 -80
I 101 80 0 81 28 5B 0 82 8E  -73 2562428 84
I 102 E0 0 81 88 3 0 E7 1C  -72 2562472 249
I 103 50 0 81 FF 73 0 49 71  -77 2562432 1
B 27644 341525 277 100330 24 0
I 104 60 0 81 FF C3 0 78 F0  -73 2540940 167
I 100 80 0 81 28 4B 0 81 FD  -74 2562436 -84
I 101 E0 0 81 88 3 0 E7 1C  -74 2562436 81
I 102 50 0 81 FF 73 0 49 71  -72 2562444 251
I 103 40 0 81 FF C3 0 4D F8  -80 2562436 -6
I 104 80 0 81 28 4B 0 81 FD  -74 2562440 164
I 100 E0 0 81 88 3 0 E7 1C  -74 2562448 -86
I 101 50 0 81 FF 73 0 49 71  -74 2562436 81
I 102 90 0 81 0 3 8 B1 73  -72 2562448 249
I 103 80 0 81 28 5B 0 82 8E  -75 2562444 3
I 104 E0 0 81 88 3 0 E7 1C  -74 2562440 167
I 100 50 0 81 FF 73 0 49 71  -73 2562444 -83
I 101 A0 0 81 CE 2B 0 AD 4E  -74 2562448 84
I 102 80 0 81 28 5B 0 82 8E  -72 2562424 249
I 103 E0 0 81 88 3 0 E7 1C  -77 2562440 -3
I 104 50 0 81 FF 73 0 49 71  -73 2562452 169
I 100 A0 0 81 CE 2B 0 AD 4E  -73 2562440 -87
I 101 80 0 81 28 4B 0 81 FD  -73 2562440 83
I 102 E0 0 81 88 3 0 E7 1C  -72 2562448 249
I 103 50 0 81 FF 73 0 49 71  -76 2562436 0
I 104 60 0 81 FF C3 0 78 F0  -74 2562436 168
I 100 80 0 81 28 4B 0 81 FD  -73 2562444 -83
I 101 E0 0 81 88 3 0 E7 1C  -73 2562440 85
B 27644 341532 277 100333 23 0
I 102 50 0 81 FF 73 0 49 71  -72 2544016 250
I 103 40 0 81 FF C3 0 4D F8  -75 2562452 3
I 104 80 0 81 28 5B 0 82 8E  -74 2562436 169
I 100 E0 0 81 88 3 0 E7 1C  -72 2562424 -82
I 101 50 0 81 FF 73 0 49 71  -73 2562452 81
I 102 90 0 81 0 3 8 B1 73  -72 2562444 249
I 103 80 0 81 28 4B 0 81 FD  -76 2562440 7
I 104 E0 0 81 88 3 0 E7 1C  -74 2562444 169
I 100 50 0 81 FF 73 0 49 71  -73 2562444 -81
I 101 A0 0 81 CE 2B 0 AD 4E  -73 2562436 83
I 102 80 0 81 28 5B 0 82 8E  -73 2562444 248
I 104 50 0 81 FF 73 0 49 71  -74 5124880 170
I 100 A0 0 81 CE 2B 0 AD 4E  -74 2562444 -81
I 101 80 0 81 28 4B 0 81 FD  -74 2562440 86
I 102 E0 0 81 88 3 0 E7 1C  -72 2562432 249
I 103 50 0 81 FF 73 0 49 71  -75 2562460 0
I 104 60 0 81 FF C3 0 78 F0  -73 2562424 167
I 100 80 0 81 28 4B 0 81 FD  -72 2562452 -85
I 101 E0 0 81 88 3 0 E7 1C  -71 2562440 82
I 102 50 0 81 FF 73 0 49 71  -72 2562448 251
I 103 40 0 81 FF C3 0 4D F8  -77 2562432 4
I 104 80 0 81 28 5B 0 82 8E  -75 2562448 168
B 27646 341511 278 100326 22 1
I 100 E0 0 81 88 3 0 E7 1C  -74 2540932 -85
I 101 50 0 81 FF 73 0 49 71  -74 2562432 86
I 102 90 0 81 0 3 8 B1 73  -70 2562464 252
I 103 80 0 81 28 5B 0 82 8E  -77 2562428 1
I 104 E0 0 81 88 3 0 E7 1C  -75 2562448 166
I 100 50 0 81 FF 73 0 49 71  -77 2562444 -80
I 101 A0 0 81 CE 2B 0 AD 4E  -75 2562444 82
I 102 80 0 81 28 5B 0 82 8E  -72 2562428 247
I 103 E0 0 81 88 3 0 E7 1C  -77 2562448 -2
I 104 50 0 81 FF 73 0 49 71  -79 2562440 164
I 100 A0 0 81 CE 2B 0 AD 4E  -75 2562436 -84
I 101 80 0 81 28 4B 0 81 FD  -73 2562440 84
I 102 E0 0 81 88 3 0 E7 1C  -71 2562448 249
I 103 50 0 81 FF 73 0 49 71  -81 2562452 0
I 104 60 0 81 FF C3 0 78 F0  -81 2562432 167
I 100 80 0 81 28 5B 0 82 8E  -76 2562440 -83
I 101 E0 0 81 88 3 0 E7 1C  -75 2562440 84
I 102 50 0 81 FF 73 0 49 71  -75 2562452 248
I 103 40 0 81 FF C3 0 4D F8  -75 2562440 4
I 104 80 0 81 28 4B 0 81 FD  -76 2562436 168
I 100 E0 0 81 88 3 0 E7 1C  -74 2562444 -86
I 101 50 0 81 FF 73 0 49 71  -75 2562440 86
I 102 90 0 81 0 3 8 B1 73  -77 2562444 249
I 103 80 0 81 28 4B 0 81 FD  -77 2562444 5
B 27648 341500 278 100326 24 0
I 104 E0 0 81 88 3 0 E7 1C  -74 2544008 164
I 100 50 0 81 FF 73 0 49 71  -74 2562444 -85
I 101 A0 0 81 CE 2B 0 AD 4E  -74 2562440 82
I 102 80 0 81 28 4B 0 81 FD  -72 2562436 250
I 103 E0 0 81 88 3 0 E7 1C  -75 2562440 4
I 104 50 0 81 FF 73 0 49 71  -74 2562452 166
I 100 A0 0 81 CE 2B 0 AD 4E  -74 2562436 -85
I 101 80 0 81 28 4B 0 81 FD  -75 2562440 84
I 102 E0 0 81 88 3 0 E7 1C  -75 2562440 250
I 103 50 0 81 FF 73 0 49 71  -78 2562456 4
I 104 60 0 81 FF C3 0 78 F0  -75 2562428 168
I 100 80 0 81 28 5B 0 82 8E  -73 2562448 -85
I 101 E0 0 81 88 3 0 E7 1C  -73 2562436 84
I 102 50 0 81 FF 73 0 49 71  -72 2562448 254
I 103 40 0 81 FF C3 0 4D F8  -76 2562436 5
I 104 80 0 81 28 5B 0 82 8E  -74 2562448 168
I 100 E0 0 81 88 3 0 E7 1C  -72 2562440 -84
I 101 50 0 81 FF 73 0 49 71  -74 2562440 85
I 102 90 0 81 0 3 8 B1 73  -73 2562440 248
I 103 80 0 81 28 4B 0 81 FD  -77 2562444 0
I 104 E0 0 81 88 3 0 E7 1C  -75 2562440 167
I 100 50 0 81 FF 73 0 49 71  -74 2562440 -85
I 101 A0 0 81 CE 2B 0 AD 4E  -75 2562452 85
B 27648 341497 278 100325 23 0
I 102 80 0 81 28 4B 0 81 FD  -75 2543992 247
I 103 E0 0 81 88 3 0 E7 1C  -79 2562452 0
I 104 50 0 81 FF 73 0 49 71  -76 2562436 166
I 100 A0 0 81 CE 2B 0 AD 4E  -75 2562444 -83
I 101 80 0 81 28 4B 0 81 FD  -75 2562436 81
I 102 E0 0 81 88 3 0 E7 1C  -75 2562444 251
I 103 50 0 81 FF 73 0 49 71  -78 2562444 0
I 104 60 0 81 FF C3 0 78 F0  -76 2562440 170
I 100 80 0 81 28 5B 0 82 8E  -75 2562440 -86
I 101 E0 0 81 88 3 0 E7 1C  -75 2562436 85
I 102 50 0 81 FF 73 0 49 71  -74 2562460 250
I 103 40 0 81 FF C3 0 4D F8  -80 2562436 12
I 104 80 0 81 28 4B 0 81 FD  -75 2562440 166
I 100 E0 0 81 88 3 0 E7 1C  -75 2562436 -83
I 101 50 0 81 FF 73 0 49 71  -76 2562448 83
I 102 90 0 81 0 3 8 B1 73  -74 2562440 248
I 103 80 0 81 28 4B 0 81 FD  -76 2562448 1
I 104 E0 0 81 88 3 0 E7 1C  -75 2562436 169
I 100 50 0 81 FF 73 0 49 71  -74 2562444 -84
I 101 A0 0 81 CD 2B 0 F4 1E  -74 2562440 83
I 102 80 0 81 28 4B 0 81 FD  -74 2562424 251
I 103 E0 0 81 88 3 0 E7 1C  -77 2562456 -3
I 104 50 0 81 FF 73 0 49 71  -75 2562448 166
I 100 A0 0 81 CD 2B 0 F4 1E  -73 2562432 -84
B 27648 341499 278 100326 24 0
I 101 80 0 81 28 5B 0 82 8E  -74 2542988 85
I 102 E0 0 81 88 3 0 E7 1C  -74 2562444 249
I 103 50 0 81 FF 73 0 49 71  -76 2562444 -2
I 104 60 0 81 FF C3 0 78 F0  -75 2562440 163
I 100 80 0 81 28 5B 0 82 8E  -74 2562440 -83
I 101 E0 0 81 88 3 0 E7 1C  -75 2562432 85
I 102 50 0 81 FF 73 0 49 71  -73 2562456 250
I 103 40 0 81 FF C3 0 4D F8  -77 2562444 7
I 104 80 0 81 28 5B 0 82 8E  -71 2562436 167
I 100 E0 0 81 88 3 0 E7 1C  -68 2562440 -83
I 101 50 0 81 FF 73 0 49 71  -73 2562444 87
I 102 90 0 81 0 3 8 B1 73  -73 2562432 250
I 103 80 0 81 28 4B 0 81 FD  -75 2562452 2
I 104 E0 0 81 88 3 0 E7 1C  -74 2562440 166
I 100 50 0 81 FF 73 0 49 71  -72 2562444 -85
I 101 A0 0 81 CC 2B 0 C3 2E  -73 2562440 85
I 102 80 0 81 28 5B 0 82 8E  -71 2562440 250
